67
67
67
69
69
67
69
69
69
69
67
67
67
65
65
65
65
65
65
65
65
63
65
65
67
69
69
65
65
65
65
65
65
61
59
59
57
57
57
57
57
57
57
57
57
57
57
56
54
54
52
52
52
54
50
50
46
46
46
44
44
42
40
40
38
57
65
57
37
35
35
33
33
31
31
31
31
31
33
33
33
35
35
35
35
37
37
40
42
42
44
46
50
56
56
54
57
57
59
65
67
69
67
73
73
73
80
82
78
80
80
82
82
84
88
92
92
92
92
90
88
82
80
76
75
75
69
69
67
63
61
59
59
57
57
52
57
42
40
38
35
35
33
37
31
31
31
31
33
38
33
33
35
38
38
42
46
52
54
57
59
67
69
69
71
78
78
80
82
86
88
90
92
90
90
90
84
78
75
69
69
67
69
54
48
71
57
38
33
31
31
31
31
31
31
29
29
31
31
33
35
38
57
42
46
50
56
57
59
65
69
69
75
80
80
84
92
92
95
97
97
99
99
103
92
95
88
95
80
78
69
69
63
61
56
90
57
69
40
57
40
38
35
33
33
31
31
33
33
35
37
35
57
37
42
38
38
42
44
50
52
54
57
57
59
63
82
67
69
75
80
80
80
82
86
90
95
97
99
97
103
105
105
111
114
120
120
116
118
118
118
118
118
118
118
116
118
118
118
118
116
118
116
118
118
118
118
118
118
118
118
118
120
112
109
107
101
99
92
88
82
78
75
69
114
69
59
57
57
50
42
40
38
35
38
31
29
29
27
27
27
27
27
27
27
27
27
27
29
29
31
29
29
31
29
33
33
35
37
40
46
57
59
61
63
67
69
73
69
71
69
69
69
69
69
69
69
71
71
71
69
69
73
139
71
73
73
73
71
71
73
73
73
73
71
71
73
75
76
76
78
78
78
78
78
78
78
78
78
71
73
78
78
76
76
73
71
71
73
71
80
80
73
71
69
71
71
71
69
69
69
69
69
69
69
69
69
69
69
69
69
69
69
69
69
69
69
69
69
69
67
67
67
67
69
69
69
69
69
69
69
69
69
67
69
69
67
67
67
69
67
69
69
69
69
69
69
69
69
69
69
69
69
69
69
69
69
69
69
69
69
69
69
69
69
69
69
69
69
69
69
69
69
69
69
69
69
67
67
67
67
69
69
69
69
69
69
69
69
69
69
69
69
69
69
69
69
69
69
69
69
69
69
69
69
69
67
67
67
67
69
69
69
69
69
69
69
69
69
69
69
69
71
73
73
69
69
69
69
69
69
80
80
78
75
76
80
78
78
80
80
80
80
80
78
78
76
78
75
82
75
75
75
75
75
73
75
73
73
71
73
71
71
71
69
69
69
69
71
69
69
69
69
69
69
67
67
67
67
65
65
65
63
63
63
63
61
61
61
61
59
59
59
59
57
57
57
57
57
56
56
56
56
54
54
54
54
52
54
52
52
50
50
48
48
44
44
44
44
42
44
42
42
42
40
40
38
38
38
40
40
42
42
44
57
46
57
48
57
40
57
35
35
33
33
33
33
31
31
31
31
31
31
